10245
10257
12323
10279
12335
12339
12343
10299
10333
12389
12391
12397
12402
14457
10372
14487
12441
14489
14492
10397
12448
12451
10408
10423
14520
14524
12478
10431
10434
14543
12511
10469
12519
14570
12523
14574
14576
14588
10529
14633
14635
10551
10561
10577
14674
10581
14679
14683
14685
14689
10599
14696
14698
14709
14711
10620
10627
10631
14730
14747
10666
14771
10685
14783
10693
14794
12758
10713
14814
10721
10728
10731
10732
14828
14831
10739
14842
14843
10747
10754
12819
14869
10779
10781
10785
10792
14893
10800
14905
14908
10821
12884
12888
12889
12891
12892
12896
10849
12898
14952
14960
12915
10868
10874
14986
12945
12951
12953
12954
10918
15016
10926
15024
15027
12982
12992
15041
15070
10980
13029
10990
10994
15096
11003
13061
11013
13076
11042
11049
11057
11066
11076
13127
11097
11109
13158
11122
13184
11140
11146
13198
11150
15249
13204
13230
13232
11193
13241
13244
11203
13256
15304
13264
15323
13277
13290
13296
11252
13303
11259
15356
11267
15370
11278
15376
15380
11292
15389
13342
13344
11298
15401
11308
13360
15411
15412
13367
13377
11336
11337
13388
13422
13433
15497
13459
11413
11423
13476
11433
13485
13486
13487
13495
11447
13502
11471
11481
13541
11495
11503
15607
11525
15624
13577
11537
11540
11577
11587
11603
11612
11617
11618
11624
11630
11637
11638
11641
11648
11695
11697
11721
15841
13795
13796
11775
11778
13830
15897
13851
13871
15919
13873
11823
13891
11865
11867
13930
13931
11884
13933
15991
11898
11905
13964
11921
13970
11953
14006
11973
11977
14025
14027
11980
11982
11986
11995
11996
11997
12003
12007
14057
12012
12016
14098
14100
14107
14108
14109
14113
14122
12094
14150
16218
12129
14193
12156
12173
14222
12177
10135
10136
10140
10141
12191
10146
12197
10154
10155
14252
10157
14254
12206
10158
14256
10165
14262
12217
10170
10185
12250
12255
10208
14307
12264
12265
12266
14321
12278
12280
